; Gosper gun
; ------------------------o-----------
; ----------------------o-o-----------
; ------------oo------oo------------oo
; -----------o---o----oo------------oo
; oo--------o-----o---oo--------------
; oo--------o---o-oo----o-o-----------
; ----------o-----o-------o-----------
; -----------o---o--------------------
; ------------oo----------------------

25 1 1
23 2 1
25 2 1

13 3 1
14 3 1
21 3 1
22 3 1
35 3 1
36 3 1

12 4 1
16 4 1
21 4 1
22 4 1
35 4 1
36 4 1

1 5 1
2 5 1
11 5 1
17 5 1
21 5 1
22 5 1

1 6 1
2 6 1
11 6 1
15 6 1
17 6 1
18 6 1
23 6 1
25 6 1

11 7 1
17 7 1
25 7 1

12 8 1
16 8 1

13 9 1
14 9 1
